Accuracy: 0.3978891820580475
Precision: 0.4822983664543813
Recall: 0.36960784313725487
F1 Score: 0.3598592713036345
