Accuracy: 0.8928759894459103
Precision: 0.9002346445915754
Recall: 0.9004901960784313
F1 Score: 0.8970281408276065
