Accuracy: 0.7920844327176781
Precision: 0.8022187618169284
Recall: 0.8068627450980393
F1 Score: 0.7952682230410063
