Accuracy: 0.8823218997361477
Precision: 0.8908587636348677
Recall: 0.890686274509804
F1 Score: 0.8878696810429794
